% xy data from NBDL impact tests
% x-axis is time in milliseconds (ms)
% y-axis is head acceleration in g's (multiples of gravity) 
% g = acceleration (m/s^2) / 9.81 (m/s^2) [dimensionless]
%
x = [0	0.5	1	1.5	2	2.5	3	3.5	4	4.5	5	5.5	6	6.5	7	7.5	8	8.5	9	9.5	10	10.5	11	11.5	12	12.5	13	13.5	14	14.5	15	15.5	16	16.5	17	17.5	18	18.5	19	19.5	20	20.5	21	21.5	22	22.5	23	23.5	24	24.5	25	25.5	26	26.5	27	27.5	28	28.5	29	29.5	30	30.5	31	31.5	32	32.5	33	33.5	34	34.5	35	35.5	36	36.5	37	37.5	38	38.5	39	39.5	40	40.5	41	41.5	42	42.5	43	43.5	44	44.5	45	45.5	46	46.5	47	47.5	48	48.5	49	49.5	50	50.5	51	51.5	52	52.5	53	53.5	54	54.5	55	55.5	56	56.5	57	57.5	58	58.5	59	59.5	60	60.5	61	61.5	62	62.5	63	63.5	64	64.5	65	65.5	66	66.5	67	67.5	68	68.5	69	69.5	70	70.5	71	71.5	72	72.5	73	73.5	74	74.5	75	75.5	76	76.5	77	77.5	78	78.5	79	79.5	80	80.5	81	81.5	82	82.5	83	83.5	84	84.5	85	85.5	86	86.5	87	87.5	88	88.5	89	89.5	90	90.5	91	91.5	92	92.5	93	93.5	94	94.5	95	95.5	96	96.5	97	97.5	98	98.5	99	99.5	100	100.5	101	101.5	102	102.5	103	103.5	104	104.5	105	105.5	106	106.5	107	107.5	108	108.5	109	109.5	110	110.5	111	111.5	112	112.5	113	113.5	114	114.5	115	115.5	116	116.5	117	117.5	118	118.5	119	119.5	120	120.5	121	121.5	122	122.5	123	123.5	124	124.5	125	125.5	126	126.5	127	127.5	128	128.5	129	129.5	130	130.5	131	131.5	132	132.5	133	133.5	134	134.5	135	135.5	136	136.5	137	137.5	138	138.5	139	139.5	140	140.5	141	141.5	142	142.5	143	143.5	144	144.5	145	145.5	146	146.5	147	147.5	148	148.5	149	149.5	150	150.5	151	151.5	152	152.5	153	153.5	154	154.5	155	155.5	156	156.5	157	157.5	158	158.5	159	159.5	160	160.5	161	161.5	162	162.5	163	163.5	164	164.5	165	165.5	166	166.5	167	167.5	168	168.5	169	169.5	170	170.5	171	171.5	172	172.5	173	173.5	174	174.5	175	175.5	176	176.5	177	177.5	178	178.5	179	179.5	180	180.5	181	181.5	182	182.5	183	183.5	184	184.5	185	185.5	186	186.5	187	187.5	188	188.5	189	189.5	190	190.5	191	191.5	192	192.5	193	193.5	194	194.5	195	195.5	196	196.5	197	197.5	198	198.5	199	199.5	200	200.5	201	201.5	202	202.5	203	203.5	204	204.5	205	205.5	206	206.5	207	207.5	208	208.5	209	209.5	210	210.5	211	211.5	212	212.5	213	213.5	214	214.5	215	215.5	216	216.5	217	217.5	218	218.5	219	219.5	220	220.5	221	221.5	222	222.5	223	223.5	224	224.5	225	225.5	226	226.5	227	227.5	228	228.5	229	229.5	230	230.5	231	231.5	232	232.5	233	233.5	234	234.5	235	235.5	236	236.5	237	237.5	238	238.5	239	239.5	240	240.5	241	241.5	242	242.5	243	243.5	244	244.5	245	245.5	246	246.5	247	247.5	248	248.5	249	249.5	250	250.5	251	251.5	252	252.5	253	253.5	254	254.5	255	255.5	256	256.5	257	257.5	258	258.5	259	259.5	260	260.5	261	261.5	262	262.5	263	263.5	264	264.5	265	265.5	266	266.5	267	267.5	268	268.5	269	269.5	270	270.5	271	271.5	272	272.5	273	273.5	274	274.5	275	275.5	276	276.5	277	277.5	278	278.5	279	279.5	280	280.5	281	281.5	282	282.5	283	283.5	284	284.5	285	285.5	286	286.5	287	287.5	288	288.5	289	289.5	290	290.5	291	291.5	292	292.5	293	293.5	294	294.5	295	295.5	296	296.5	297	297.5	298	298.5	299]
y = [0	-0.001987	-0.002845714	-0.002429857	-0.005670286	0.001661	-0.006007571	-0.001252286	-0.004931571	-0.001780286	-0.002044286	-0.005885143	-0.002825714	-0.003642	-0.003474857	-0.004391857	-0.003325286	-0.007547286	-0.006019857	-0.007109857	-0.006784286	-0.007587571	-0.008577	-0.005399143	-0.014696286	-0.011801857	-0.012634143	-0.013038429	-0.018127286	-0.017332143	-0.019136143	-0.018828857	-0.017146	-0.022165286	-0.022636429	-0.025682714	-0.022428857	-0.029277714	-0.026236143	-0.031965857	-0.031353571	-0.032921143	-0.039189714	-0.035949429	-0.041872	-0.039563143	-0.038705571	-0.042271286	-0.046186714	-0.043492286	-0.049232	-0.052809571	-0.048558857	-0.050313429	-0.048951143	-0.057544857	-0.050443143	-0.057289429	-0.057462286	-0.059577	-0.064164143	-0.062497143	-0.069015286	-0.068822286	-0.070095143	-0.071134143	-0.076134286	-0.077720714	-0.081672857	-0.080211143	-0.086291143	-0.087503857	-0.087046857	-0.096656714	-0.090954571	-0.097875429	-0.102152286	-0.105973571	-0.104345857	-0.109447857	-0.112963	-0.115324143	-0.116785429	-0.116485143	-0.121421571	-0.124327857	-0.130256571	-0.125847857	-0.135623714	-0.135066143	-0.137099571	-0.137358857	-0.139595	-0.145835571	-0.145881857	-0.148956143	-0.149597429	-0.153529571	-0.155375286	-0.159622571	-0.162522143	-0.165967857	-0.173231857	-0.175463	-0.185179857	-0.189944	-0.197100286	-0.203515571	-0.214927143	-0.229264286	-0.238815714	-0.260918571	-0.273235714	-0.289321429	-0.310537143	-0.33555	-0.357701429	-0.38403	-0.40978	-0.441285714	-0.476567143	-0.507017143	-0.543284286	-0.574821429	-0.617654286	-0.641665714	-0.672812857	-0.699611429	-0.732342857	-0.772937143	-0.808085714	-0.850671429	-0.892402857	-0.939045714	-0.982732857	-1.029352857	-1.068964286	-1.125161429	-1.17797	-1.2435	-1.314254286	-1.392882857	-1.479885714	-1.572814286	-1.670942857	-1.769614286	-1.869914286	-1.980485714	-2.095185714	-2.212157143	-2.343014286	-2.482885714	-2.626728571	-2.7778	-2.926742857	-3.098042857	-3.2583	-3.437957143	-3.629	-3.838328571	-4.073485714	-4.323957143	-4.602171429	-4.903428571	-5.240185714	-5.616271429	-6.042585714	-6.502328571	-7.024942857	-7.578571429	-8.182528571	-8.817057143	-9.525414286	-10.30752857	-11.1571	-12.0757	-13.08947143	-14.14734286	-15.26685714	-16.39214286	-17.51642857	-18.57657143	-19.55685714	-20.565	-21.56271429	-22.47414286	-23.34128571	-24.24685714	-25.13771429	-25.85142857	-26.42542857	-26.98328571	-27.52	-27.98014286	-28.32028571	-28.54128571	-28.66942857	-28.66014286	-28.48185714	-28.15457143	-27.67657143	-27.067	-26.381	-25.62571429	-24.86685714	-24.153	-23.48471429	-22.90271429	-22.35957143	-21.87814286	-21.43371429	-21.04814286	-20.66214286	-20.287	-19.91771429	-19.52357143	-19.13685714	-18.76428571	-18.33128571	-17.84785714	-17.423	-17.039	-16.66285714	-16.40942857	-16.23542857	-16.07257143	-15.94214286	-15.80228571	-15.697	-15.59114286	-15.557	-15.53414286	-15.54428571	-15.49385714	-15.37928571	-15.18457143	-14.994	-14.81085714	-14.60485714	-14.55085714	-14.59285714	-14.75357143	-15.09371429	-15.51642857	-15.96157143	-16.36957143	-16.73728571	-17.03957143	-17.30085714	-17.54171429	-17.78628571	-18.02557143	-18.248	-18.43871429	-18.59228571	-18.67342857	-18.706	-18.764	-18.84428571	-19.03342857	-19.24985714	-19.549	-19.85885714	-20.17957143	-20.39557143	-20.61771429	-20.67842857	-20.67314286	-20.66257143	-20.631	-20.58228571	-20.66	-20.53557143	-20.59557143	-20.52671429	-20.45571429	-20.56857143	-20.30685714	-20.541	-20.44757143	-20.57671429	-20.43914286	-20.29942857	-20.07428571	-19.81728571	-19.635	-19.44514286	-19.38457143	-19.29371429	-19.16328571	-18.99271429	-18.75057143	-18.36071429	-17.99328571	-17.69357143	-17.41674286	-17.34527143	-17.35414286	-17.48285714	-17.59442857	-17.70385714	-17.74457143	-17.71171429	-17.62471429	-17.483	-17.261	-17.00142857	-16.829	-16.45014286	-16.201	-15.79542857	-15.41114286	-15.03371429	-14.64528571	-14.29604286	-13.86394286	-13.51804286	-13.1751	-12.78435714	-12.37535714	-11.82732857	-11.29945714	-10.78227143	-10.30718571	-9.853214286	-9.357514286	-8.925414286	-8.476414286	-8.048642857	-7.688857143	-7.264328571	-6.881071429	-6.483328571	-6.1567	-5.822	-5.593928571	-5.396457143	-5.171971429	-5.039771429	-4.8761	-4.733885714	-4.594171429	-4.427828571	-4.298242857	-4.184928571	-4.061285714	-3.956514286	-3.880471429	-3.789714286	-3.733871429	-3.661571429	-3.605071429	-3.557157143	-3.503557143	-3.466342857	-3.438914286	-3.4285	-3.415885714	-3.424842857	-3.467728571	-3.522928571	-3.615328571	-3.714942857	-3.8258	-3.963357143	-4.081785714	-4.214414286	-4.3593	-4.476285714	-4.582528571	-4.668871429	-4.744385714	-4.822557143	-4.819014286	-4.861385714	-4.827014286	-4.806728571	-4.7944	-4.8102	-4.840242857	-4.888771429	-4.940857143	-4.984942857	-5.025057143	-5.050285714	-5.066871429	-5.067042857	-5.030942857	-5.0051	-4.9447	-4.863885714	-4.723757143	-4.605414286	-4.469142857	-4.309685714	-4.1818	-4.028585714	-3.916085714	-3.813757143	-3.729957143	-3.648757143	-3.593514286	-3.518228571	-3.4664	-3.4116	-3.362228571	-3.293585714	